15	40	0	14
0	1	36
16	25	36
0.1	0.3	0.6
0	2	39
21	24	25	39
0.1	0.2	0.2	0.5
0	3	26
11	13	26
0.2	0.4	0.4
1	10	31
24	28	31
0.2	0.3	0.5
1	4	30
11	30
0.3	0.7
1	5	39
13	37	39
0.2	0.2	0.6
2	1	24
11	20	24
0.1	0.3	0.6
2	6	34
23	30	34
0.3	0.3	0.4
2	7	34
14	23	34
0.1	0.4	0.5
3	2	30
22	30
0.3	0.7
3	8	40
35	40
0.4	0.6
3	11	37
16	25	37
0.1	0.4	0.5
4	12	40
28	35	37	40
0.1	0.2	0.3	0.4
4	14	32
25	32
0.3	0.7
4	9	40
27	33	40
0.3	0.3	0.4
4	6	26
15	17	19	26
0.1	0.3	0.3	0.3
5	4	29
18	25	29
0.2	0.3	0.5
5	12	23
21	23
0.5	0.5
5	2	24
18	24
0.3	0.7
6	9	37
19	23	37
0.2	0.2	0.6
6	5	31
12	23	31
0.2	0.3	0.5
7	6	39
14	34	39
0.2	0.2	0.6
7	13	32
14	15	27	32
0.2	0.2	0.3	0.3
7	8	32
13	31	32
0.1	0.1	0.8
7	3	34
13	23	34
0.3	0.3	0.4
8	6	20
10	17	20
0.1	0.3	0.6
8	9	39
16	18	36	39
0.2	0.2	0.3	0.3
8	14	32
12	13	25	32
0.1	0.2	0.3	0.4
8	13	29
19	24	29
0.3	0.3	0.4
9	12	32
14	20	25	32
0.2	0.2	0.3	0.3
9	14	25
15	19	25
0.3	0.3	0.4
9	13	34
23	34
0.1	0.9
10	12	35
13	31	35
0.1	0.3	0.6
10	4	33
18	19	20	33
0.1	0.3	0.3	0.3
10	5	39
10	19	39
0.1	0.4	0.5
11	7	39
15	36	39
0.2	0.3	0.5
11	8	22
16	22
0.3	0.7
11	13	34
10	13	18	34
0.1	0.3	0.3	0.3
12	14	31
12	31
0.1	0.9
13	14	32
14	19	32
0.2	0.3	0.5
