20	30	0	19
0	1	0
0	1	2	3	4
0.2	0.2	0.2	0.2	0.2		
0	2	0
0	1	2	3	4
0.2	0.2	0.2	0.2	0.2	
0	3	0
0	1	2	3	4
0.2	0.2	0.2	0.2	0.2	
1	4	0
0	1	2	3	4
0.2	0.2	0.2	0.2	0.2	
1	5	0
0	1	2	3	4
0.2	0.2	0.2	0.2	0.2	
2	6	0
0	1	2	3	4
0.2	0.2	0.2	0.2	0.2	
2	7	0
0	1	2	3	4
0.2	0.2	0.2	0.2	0.2
3	8	0
0	1	2	3	4
0.2	0.2	0.2	0.2	0.2
3	9	0
0	1	2	3	4
0.2	0.2	0.2	0.2	0.2
4	9	0
0	1	2	3	4
0.2	0.2	0.2	0.2	0.2
4	10	0
0	1	2	3	4
0.2	0.2	0.2	0.2	0.2
5	11	0
0	1	2	3	4
0.2	0.2	0.2	0.2	0.2
5	6	0
0	1	2	3	4
0.2	0.2	0.2	0.2	0.2
6	12	0
0	1	2	3	4
0.2	0.2	0.2	0.2	0.2
7	13	0
0	1	2	3	4
0.2	0.2	0.2	0.2	0.2
7	8	0
0	1	2	3	4
0.2	0.2	0.2	0.2	0.2
8	14	0
0	1	2	3	4
0.2	0.2	0.2	0.2	0.2
9	15	0
0	1	2	3	4
0.2	0.2	0.2	0.2	0.2
10	11	0
0	1	2	3	4
0.2	0.2	0.2	0.2	0.2
10	16	0
0	1	2	3	4
0.2	0.2	0.2	0.2	0.2
11	17	0
0	1	2	3	4
0.2	0.2	0.2	0.2	0.2
12	17	0
0	1	2	3	4
0.2	0.2	0.2	0.2	0.2
12	13	0
0	1	2	3	4
0.2	0.2	0.2	0.2	0.2
13	18	0
0	1	2	3	4
0.2	0.2	0.2	0.2	0.2
14	15	0
0	1	2	3	4
0.2	0.2	0.2	0.2	0.2
14	18	0
0	1	2	3	4
0.2	0.2	0.2	0.2	0.2
15	16	0
0	1	2	3	4
0.2	0.2	0.2	0.2	0.2
16	19	0
0	1	2	3	4
0.2	0.2	0.2	0.2	0.2
17	19	0
0	1	2	3	4
0.2	0.2	0.2	0.2	0.2
18	19	0
0	1	2	3	4
0.2	0.2	0.2	0.2	0.2
