43	88	22	34
0	9	1
0	1
0.5	0.5
0	19	1
0	1
0.5	0.5
0	16	1
0	1
0.5	0.5
1	30	1
0	1
0.5	0.5
1	3	1
0	1
0.5	0.5
1	37	1
0	1
0.5	0.5
2	5	1
0	1
0.5	0.5
2	22	1
0	1
0.5	0.5
2	23	1
0	1
0.5	0.5
2	21	1
0	1
0.5	0.5
2	25	1
0	1
0.5	0.5
3	10	1
0	1
0.5	0.5
3	37	1
0	1
0.5	0.5
3	36	1
0	1
0.5	0.5
3	11	1
0	1
0.5	0.5
4	12	1
0	1
0.5	0.5
4	16	1
0	1
0.5	0.5
4	29	1
0	1
0.5	0.5
4	34	1
0	1
0.5	0.5
4	40	1
0	1
0.5	0.5
5	7	1
0	1
0.5	0.5
5	22	1
0	1
0.5	0.5
5	33	1
0	1
0.5	0.5
6	26	1
0	1
0.5	0.5
6	35	1
0	1
0.5	0.5
6	36	1
0	1
0.5	0.5
6	41	1
0	1
0.5	0.5
6	39	1
0	1
0.5	0.5
6	29	1
0	1
0.5	0.5
7	21	1
0	1
0.5	0.5
7	32	1
0	1
0.5	0.5
8	11	1
0	1
0.5	0.5
8	39	1
0	1
0.5	0.5
8	34	1
0	1
0.5	0.5
8	40	1
0	1
0.5	0.5
9	19	1
0	1
0.5	0.5
9	15	1
0	1
0.5	0.5
9	20	1
0	1
0.5	0.5
9	32	1
0	1
0.5	0.5
10	11	1
0	1
0.5	0.5
10	17	1
0	1
0.5	0.5
10	37	1
0	1
0.5	0.5
11	17	1
0	1
0.5	0.5
11	41	1
0	1
0.5	0.5
12	16	1
0	1
0.5	0.5
12	38	1
0	1
0.5	0.5
12	31	1
0	1
0.5	0.5
13	19	1
0	1
0.5	0.5
13	24	1
0	1
0.5	0.5
14	24	1
0	1
0.5	0.5
14	19	1
0	1
0.5	0.5
14	31	1
0	1
0.5	0.5
15	20	1
0	1
0.5	0.5
15	16	1
0	1
0.5	0.5
15	29	1
0	1
0.5	0.5
17	28	1
0	1
0.5	0.5
17	27	1
0	1
0.5	0.5
18	22	1
0	1
0.5	0.5
18	23	1
0	1
0.5	0.5
18	33	1
0	1
0.5	0.5
19	32	1
0	1
0.5	0.5
19	24	1
0	1
0.5	0.5
20	32	1
0	1
0.5	0.5
20	42	1
0	1
0.5	0.5
21	32	1
0	1
0.5	0.5
21	25	1
0	1
0.5	0.5
21	26	1
0	1
0.5	0.5
21	42	1
0	1
0.5	0.5
22	33	1
0	1
0.5	0.5
22	23	1
0	1
0.5	0.5
25	26	1
0	1
0.5	0.5
25	35	1
0	1
0.5	0.5
26	42	1
0	1
0.5	0.5
27	40	1
0	1
0.5	0.5
27	28	1
0	1
0.5	0.5
28	38	1
0	1
0.5	0.5
29	42	1
0	1
0.5	0.5
29	34	1
0	1
0.5	0.5
29	39	1
0	1
0.5	0.5
30	35	1
0	1
0.5	0.5
31	38	1
0	1
0.5	0.5
32	42	1
0	1
0.5	0.5
34	39	1
0	1
0.5	0.5
34	40	1
0	1
0.5	0.5
35	37	1
0	1
0.5	0.5
36	41	1
0	1
0.5	0.5
38	40	1
0	1
0.5	0.5
39	41	1
0	1
0.5	0.5