144	264	0	143
0	1	0
0
1.0
0	12	0
0
1.0
1	2	0
0
1.0
1	13	0
0
1.0
2	3	0
0
1.0
2	14	0
0
1.0
3	4	0
0
1.0
3	15	0
0
1.0
4	5	0
0
1.0
4	16	0
0
1.0
5	6	0
0
1.0
5	17	0
0
1.0
6	7	0
0
1.0
6	18	0
0
1.0
7	8	0
0
1.0
7	19	0
0
1.0
8	9	0
0
1.0
8	20	0
0
1.0
9	10	0
0
1.0
9	21	0
0
1.0
10	11	0
0
1.0
10	22	0
0
1.0
12	13	0
0
1.0
12	24	0
0
1.0
13	14	0
0
1.0
13	25	0
0
1.0
14	15	0
0
1.0
14	26	0
0
1.0
15	16	0
0
1.0
15	27	0
0
1.0
16	17	0
0
1.0
16	28	0
0
1.0
17	18	0
0
1.0
17	29	0
0
1.0
18	19	0
0
1.0
18	30	0
0
1.0
19	20	0
0
1.0
19	31	0
0
1.0
20	21	0
0
1.0
20	32	0
0
1.0
21	22	0
0
1.0
21	33	0
0
1.0
22	23	0
0
1.0
22	34	0
0
1.0
24	25	0
0
1.0
24	36	0
0
1.0
25	26	0
0
1.0
25	37	0
0
1.0
26	27	0
0
1.0
26	38	0
0
1.0
27	28	0
0
1.0
27	39	0
0
1.0
28	29	0
0
1.0
28	40	0
0
1.0
29	30	0
0
1.0
29	41	0
0
1.0
30	31	0
0
1.0
30	42	0
0
1.0
31	32	0
0
1.0
31	43	0
0
1.0
32	33	0
0
1.0
32	44	0
0
1.0
33	34	0
0
1.0
33	45	0
0
1.0
34	35	0
0
1.0
34	46	0
0
1.0
36	37	0
0
1.0
36	48	0
0
1.0
37	38	0
0
1.0
37	49	0
0
1.0
38	39	0
0
1.0
38	50	0
0
1.0
39	40	0
0
1.0
39	51	0
0
1.0
40	41	0
0
1.0
40	52	0
0
1.0
41	42	0
0
1.0
41	53	0
0
1.0
42	43	0
0
1.0
42	54	0
0
1.0
43	44	0
0
1.0
43	55	0
0
1.0
44	45	0
0
1.0
44	56	0
0
1.0
45	46	0
0
1.0
45	57	0
0
1.0
46	47	0
0
1.0
46	58	0
0
1.0
48	49	0
0
1.0
48	60	0
0
1.0
49	50	0
0
1.0
49	61	0
0
1.0
50	51	0
0
1.0
50	62	0
0
1.0
51	52	0
0
1.0
51	63	0
0
1.0
52	53	0
0
1.0
52	64	0
0
1.0
53	54	0
0
1.0
53	65	0
0
1.0
54	55	0
0
1.0
54	66	0
0
1.0
55	56	0
0
1.0
55	67	0
0
1.0
56	57	0
0
1.0
56	68	0
0
1.0
57	58	0
0
1.0
57	69	0
0
1.0
58	59	0
0
1.0
58	70	0
0
1.0
60	61	0
0
1.0
60	72	0
0
1.0
61	62	0
0
1.0
61	73	0
0
1.0
62	63	0
0
1.0
62	74	0
0
1.0
63	64	0
0
1.0
63	75	0
0
1.0
64	65	0
0
1.0
64	76	0
0
1.0
65	66	0
0
1.0
65	77	0
0
1.0
66	67	0
0
1.0
66	78	0
0
1.0
67	68	0
0
1.0
67	79	0
0
1.0
68	69	0
0
1.0
68	80	0
0
1.0
69	70	0
0
1.0
69	81	0
0
1.0
70	71	0
0
1.0
70	82	0
0
1.0
72	73	0
0
1.0
72	84	0
0
1.0
73	74	0
0
1.0
73	85	0
0
1.0
74	75	0
0
1.0
74	86	0
0
1.0
75	76	0
0
1.0
75	87	0
0
1.0
76	77	0
0
1.0
76	88	0
0
1.0
77	78	0
0
1.0
77	89	0
0
1.0
78	79	0
0
1.0
78	90	0
0
1.0
79	80	0
0
1.0
79	91	0
0
1.0
80	81	0
0
1.0
80	92	0
0
1.0
81	82	0
0
1.0
81	93	0
0
1.0
82	83	0
0
1.0
82	94	0
0
1.0
84	85	0
0
1.0
84	96	0
0
1.0
85	86	0
0
1.0
85	97	0
0
1.0
86	87	0
0
1.0
86	98	0
0
1.0
87	88	0
0
1.0
87	99	0
0
1.0
88	89	0
0
1.0
88	100	0
0
1.0
89	90	0
0
1.0
89	101	0
0
1.0
90	91	0
0
1.0
90	102	0
0
1.0
91	92	0
0
1.0
91	103	0
0
1.0
92	93	0
0
1.0
92	104	0
0
1.0
93	94	0
0
1.0
93	105	0
0
1.0
94	95	0
0
1.0
94	106	0
0
1.0
96	97	0
0
1.0
96	108	0
0
1.0
97	98	0
0
1.0
97	109	0
0
1.0
98	99	0
0
1.0
98	110	0
0
1.0
99	100	0
0
1.0
99	111	0
0
1.0
100	101	0
0
1.0
100	112	0
0
1.0
101	102	0
0
1.0
101	113	0
0
1.0
102	103	0
0
1.0
102	114	0
0
1.0
103	104	0
0
1.0
103	115	0
0
1.0
104	105	0
0
1.0
104	116	0
0
1.0
105	106	0
0
1.0
105	117	0
0
1.0
106	107	0
0
1.0
106	118	0
0
1.0
108	109	0
0
1.0
108	120	0
0
1.0
109	110	0
0
1.0
109	121	0
0
1.0
110	111	0
0
1.0
110	122	0
0
1.0
111	112	0
0
1.0
111	123	0
0
1.0
112	113	0
0
1.0
112	124	0
0
1.0
113	114	0
0
1.0
113	125	0
0
1.0
114	115	0
0
1.0
114	126	0
0
1.0
115	116	0
0
1.0
115	127	0
0
1.0
116	117	0
0
1.0
116	128	0
0
1.0
117	118	0
0
1.0
117	129	0
0
1.0
118	119	0
0
1.0
118	130	0
0
1.0
120	121	0
0
1.0
120	132	0
0
1.0
121	122	0
0
1.0
121	133	0
0
1.0
122	123	0
0
1.0
122	134	0
0
1.0
123	124	0
0
1.0
123	135	0
0
1.0
124	125	0
0
1.0
124	136	0
0
1.0
125	126	0
0
1.0
125	137	0
0
1.0
126	127	0
0
1.0
126	138	0
0
1.0
127	128	0
0
1.0
127	139	0
0
1.0
128	129	0
0
1.0
128	140	0
0
1.0
129	130	0
0
1.0
129	141	0
0
1.0
130	131	0
0
1.0
130	142	0
0
1.0
11	23	0
0
1.0
23	35	0
0
1.0
35	47	0
0
1.0
47	59	0
0
1.0
59	71	0
0
1.0
71	83	0
0
1.0
83	95	0
0
1.0
95	107	0
0
1.0
107	119	0
0
1.0
119	131	0
0
1.0
131	143	0
0
1.0
132	133	0
0
1.0
133	134	0
0
1.0
134	135	0
0
1.0
135	136	0
0
1.0
136	137	0
0
1.0
137	138	0
0
1.0
138	139	0
0
1.0
139	140	0
0
1.0
140	141	0
0
1.0
141	142	0
0
1.0
142	143	0
0
1.0
