36	60	0	35
0	1	1
0	1
0.5	0.5
0	6	1
0	1
0.5	0.5
1	2	1
0	1
0.5	0.5
1	7	1
0	1
0.5	0.5
2	3	1
0	1
0.5	0.5
2	8	1
0	1
0.5	0.5
3	4	1
0	1
0.5	0.5
3	9	1
0	1
0.5	0.5
4	5	1
0	1
0.5	0.5
4	10	1
0	1
0.5	0.5
6	7	1
0	1
0.5	0.5
6	12	1
0	1
0.5	0.5
7	8	1
0	1
0.5	0.5
7	13	1
0	1
0.5	0.5
8	9	1
0	1
0.5	0.5
8	14	1
0	1
0.5	0.5
9	10	1
0	1
0.5	0.5
9	15	1
0	1
0.5	0.5
10	11	1
0	1
0.5	0.5
10	16	1
0	1
0.5	0.5
12	13	1
0	1
0.5	0.5
12	18	1
0	1
0.5	0.5
13	14	1
0	1
0.5	0.5
13	19	1
0	1
0.5	0.5
14	15	1
0	1
0.5	0.5
14	20	1
0	1
0.5	0.5
15	16	1
0	1
0.5	0.5
15	21	1
0	1
0.5	0.5
16	17	1
0	1
0.5	0.5
16	22	1
0	1
0.5	0.5
18	19	1
0	1
0.5	0.5
18	24	1
0	1
0.5	0.5
19	20	1
0	1
0.5	0.5
19	25	1
0	1
0.5	0.5
20	21	1
0	1
0.5	0.5
20	26	1
0	1
0.5	0.5
21	22	1
0	1
0.5	0.5
21	27	1
0	1
0.5	0.5
22	23	1
0	1
0.5	0.5
22	28	1
0	1
0.5	0.5
24	25	1
0	1
0.5	0.5
24	30	1
0	1
0.5	0.5
25	26	1
0	1
0.5	0.5
25	31	1
0	1
0.5	0.5
26	27	1
0	1
0.5	0.5
26	32	1
0	1
0.5	0.5
27	28	1
0	1
0.5	0.5
27	33	1
0	1
0.5	0.5
28	29	1
0	1
0.5	0.5
28	34	1
0	1
0.5	0.5
5	11	1
0	1
0.5	0.5
11	17	1
0	1
0.5	0.5
17	23	1
0	1
0.5	0.5
23	29	1
0	1
0.5	0.5
29	35	1
0	1
0.5	0.5
30	31	1
0	1
0.5	0.5
31	32	1
0	1
0.5	0.5
32	33	1
0	1
0.5	0.5
33	34	1
0	1
0.5	0.5
34	35	1
0	1
0.5	0.5
